[58]47 [59]46 [60]46 [61]46 [62]46 [63]46 [64]46 [65]46 [66]46 [67]45 [68]45 [69]45 [70]45 [71]44 [72]43 [73]43 [74]43 [75]43 [76]42 [77]42 [78]41 
[79]41 [80]41 [81]41 [82]41 [83]41 [84]40 [85]40 [86]39 [87]39 [88]39 [89]38 [90]38 [91]38 [92]37 [93]37 [94]37 [95]37 [96]37 [97]37 [98]37 [99]37 
[100]36 [101]35 [102]35 [103]35 [104]35 [105]35 [106]35 [107]34 [108]34 [109]34 [110]33 
[111]32 [112]32 [113]32 [114]32 
[115]32 [116]32 [117]31 [118]31 [119]31 [120]31 [121]31 [122]31 [123]31 [124]31 [125]30 [126]30 [127]30 [128]30 [129]30 [130]29 
[131]29 [132]29 [133]28 [134]28 [135]28 [136]28 [137]28 [138]27 [139]27 [140]26 [141]26 [142]26 [143]25 [144]25 [145]25 [146]25 
[147]24 [148]24 [149]24 [150]24 [151]24 [152]24 [153]24 [154]23 [155]23 [156]23 [157]23 [158]23 [159]22 [160]22 [161]22 [162]22 
[163]22 [164]22 [165]22 [166]22 [167]22 [168]21 [169]21 [170]21 [171]21 [172]20 [173]20 [174]20 [175]19 [176]19 [177]19 [178]19 [179]19 [180]19 
[181]19 [182]18 [183]18 [184]18 [185]18 [186]17 [187]17 [188]17 [189]17 [190]16 [191]16 [192]16 [193]16 [194]16 [195]16 [196]15 
[197]15 [198]15 [199]15 [200]15 [201]14 [202]14 [203]14 [204]14 [205]13 [206]13 [207]13 [208]12 [209]12 [210]11 [211]11 [212]11 [213]10 [214]10 [215]9 
[216]9 [217]9 [218]9 [219]9 [220]9 [221]9 [222]9 [223]9 [224]8 [225]8 [226]7 [227]7 [228]7 [229]7 [230]6 [231]6 [232]6 [233]6 [234]6 [235]5 [236]5 
[237]5 [238]5 [239]4 [240]4 [241]4 [242]4 [243]4 [244]4 [245]3 [246]3 [247]3 [248]3 [249]2 [250]2 
[251]2 [252]2 [253]2 [254]2 [255]1
