[58]47 [59]46 [60]46 [61]46 [62]46 [63]46 [64]46 [65]46 [66]46 [67]45 [68]45 [69]45 [70]45 [71]44 [72]43 [73]43 [74]43 [75]43 [76]42 [77]42 [78]41 
[79]41 [80]41 [81]41 [82]41 [83]41 [84]40 [85]40 [86]39 [87]39 [88]39 [89]38 [90]38 [91]38 [92]37 [93]37 [94]37 [95]37 [96]37 [97]37 [98]37 [99]37 
[100]36 [101]35 [102]35 [103]35 [104]35 [105]35 [106]35 [107]34 [108]34 [109]34 [110]33 
[111]620455043 [112]-2132504532 [113]0 [114]-1886678541 
[115]244 [116]244 [117]245 [118]249 [119]254 [120]254 [121]230 [122]232 [123]233 [124]234 [125]239 [126]215 [127]217 [128]217 [129]193 [130]193 
[131]196 [132]202 [133]203 [134]177 [135]182 [136]163 [137]165 [138]173 [139]147 [140]148 [141]154 [142]157 [143]130 [144]132 [145]135 [146]137 
[147]138 [148]138 [149]139 [150]114 [151]120 [152]123 [153]126 [154]127 [155]96 [156]96 [157]100 [158]101 [159]102 [160]105 [161]108 [162]108 
[163]110 [164]82 [165]84 [166]91 [167]92 [168]69 [169]72 [170]73 [171]48 [172]49 [173]50 [174]54 [175]58 [176]59 [177]62 [178]34 [179]38 [180]41 
[181]46 [182]19 [183]25 [184]29 [185]31 [186]0 [187]4 [188]6 [189]10 [190]13 [191]15 [192]0 [193]0 [194]-1563078342 [195]-932012908 [196]14 
[197]13 [198]13 [199]13 [200]12 [201]12 [202]11 [203]11 [204]11 [205]10 [206]10 [207]9 [208]9 [209]9 [210]9 [211]9 [212]9 [213]9 [214]9 [215]9 
[216]8 [217]8 [218]7 [219]7 [220]7 [221]7 [222]6 [223]6 [224]6 [225]6 [226]6 [227]5 [228]5 [229]5 [230]5 [231]4 [232]4 [233]4 [234]4 [235]4 [236]4 
[237]3 [238]3 [239]3 [240]3 [241]2 [242]2 [243]2 [244]2 [245]2 [246]2 [247]2 [248]11392747 [249]-344605773 [250]-579946475 
[251]225 [252]253632030 [253]0 [254]12829635 [255]505297980
